1135
1142
1144
1145
1147
1151
1152
1155
1156
1157
1158
1159
1163
1164
1169
1174
1177
1179
1182
1186
1192
1198
1200
1202
1203
1206
1207
1211
1212
1213
1224
1225
1229
1233
1238
1241
1253
1259
1260
1261
1262
1268
1271
1273
1274
1282
1287
1293
1294
1297
1299
1302
1303
1305
1309
1310
1312
1313
1317
1324
1325
1326
1328
1329
1343
1346
1347
1349
1350
1352
1355
1357
1359
1363
1366
1369
1386
1389
1393
1396
1408
1411
1414
1416
1417
1421
1423
1427
1433
1436
1437
1438
1444
1450
1457
1458
1461
1462
1465
1467
1470
1473
1474
1476
1477
1479
1482
1489
1491
1495
1496
1498
1499
1502
1505
1507
1509
1510
1513
1514
1517
1518
1520
1522
1523
1524
1527
1529
1532
1533
1534
1536
1537
1538
1540
1546
1549
1550
1551
1552
1559
1561
1563
1564
1569
1571
1581
1583
1588
1589
1595
1599
1609
1613
1617
1620
1631
1632
1635
1638
1643
1651
1656
1660
1662
1663
1674
1675
1679
1682
1686
1688
1689
1690
1691
1713
1714
1715
1717
1721
1723
1726
1728
1729
1747
1753
1754
1764
1765
1769
1775
1789
1790
1796
1797
1804
1811
1813
1842
1843
1851
1854
1862
1890
1891
1892
1894
1899
1902
1911
1912
1919
1922
1924
1927
1932
1963
1964
1971
1978
1981
1988
1999
2004
2010
2022
2023
2025
2029
2033
2038
2041
2045
2046
2051
2052
2057
2060
2061
2062
2063
2064
2067
2073
2075
2080
2081
2084
2086
2090
2091
2092
2093
2096
2098
2099
2106
2115
2120
2124
2125
2129
2131
2132
2138
2146
2158
2159
2160
2161
2162
2163
2164
2165
2177
2183
2184
2185
2188
2209
2219
2221
2223
2225
2226
2227
2231
2232
2234
2236
2237
2241
2246
2248
2250
2251
2254
2279
2282
2283
2285
2297
2298
2300
2318
2363
2364
2365
2370
2374
2375
2376
2377
2389
2390
2391
2396
2400
2402
2409
2413
2414
2415
2424
2429
2430
2432
2433
2436
2437
2440
2441
2442
2444
2449
2450
2489
1184
1195
1318
1358
1400
1494
1623
1626
1637
1756
1761
1798
1946
1983
2030
2114
2134
2139
2208
2245
2249
2412
2448
2493
2253
