1132
1151
1153
1154
1157
1172
1177
1180
1188
1189
1193
1196
1199
1201
1205
1209
1215
1216
1228
1230
1269
1278
1292
1298
1326
1329
1348
1368
1369
1384
1387
1390
1397
1403
1417
1419
1424
1426
1438
1440
1446
1447
1448
1452
1454
1455
1459
1462
1466
1468
1472
1473
1478
1486
1488
1503
1504
1520
1536
1539
1540
1542
1555
1603
1605
1643
1666
1680
1688
1692
1693
1729
1730
1733
1749
1751
1778
1808
1809
1812
1813
1925
1926
1928
1929
1987
2052
2073
2076
2118
2122
2126
2130
2133
2136
2231
2241
2242
2250
2252
2255
2287
2288
2292
2299
2322
2372
2386
2401
2410
2437
2491
2494
