1134
1139
1143
1162
1165
1167
1168
1171
1173
1183
1185
1190
1206
1217
1220
1222
1227
1231
1232
1235
1236
1240
1245
1252
1263
1280
1284
1285
1286
1289
1290
1291
1301
1308
1314
1315
1316
1320
1321
1332
1335
1336
1337
1345
1354
1367
1378
1379
1412
1413
1415
1418
1423
1429
1432
1449
1453
1456
1464
1471
1475
1487
1492
1501
1515
1516
1530
1543
1544
1554
1564
1565
1566
1567
1580
1582
1586
1587
1590
1594
1596
1597
1602
1607
1614
1615
1618
1619
1634
1644
1647
1648
1650
1652
1653
1654
1655
1657
1669
1670
1672
1677
1684
1685
1700
1701
1702
1703
1704
1715
1716
1718
1720
1722
1734
1735
1736
1738
1746
1748
1759
1760
1773
1779
1784
1785
1795
1801
1802
1803
1805
1810
1814
1815
1816
1817
1818
1819
1820
1822
1824
1826
1831
1846
1849
1850
1856
1859
1860
1870
1876
1886
1893
1896
1897
1898
1913
1915
1917
1921
1930
1937
1939
1941
1942
1943
1947
1963
1968
1969
1970
1973
1974
1976
1991
1992
1998
2007
2020
2024
2026
2049
2055
2072
2078
2079
2083
2089
2095
2097
2100
2101
2102
2104
2105
2107
2108
2109
2110
2111
2112
2121
2123
2145
2146
2148
2149
2151
2182
2186
2196
2197
2203
2212
2220
2224
2230
2235
2238
2239
2244
2266
2267
2270
2286
2293
2294
2295
2296
2304
2305
2308
2318
2321
2335
2354
2356
2362
2366
2368
2369
2370
2371
2373
2380
2381
2387
2392
2393
2394
2398
2423
2426
2431
2435
2443
2445
2446
2447
2472
2473
2474
2495
