1132
1154
1172
1177
1180
1182
1189
1195
1196
1199
1205
1209
1216
1225
1229
1230
1274
1278
1282
1292
1298
1305
1310
1312
1317
1348
1356
1368
1381
1387
1390
1397
1403
1419
1426
1436
1440
1445
1446
1448
1452
1454
1455
1458
1465
1466
1468
1472
1478
1482
1486
1488
1493
1497
1498
1503
1504
1505
1506
1513
1527
1539
1540
1542
1555
1636
1660
1675
1680
1689
1690
1691
1692
1693
1730
1733
1749
1778
1797
1809
1812
1813
1925
1926
1928
1929
1969
1988
2052
2059
2076
2098
2118
2122
2126
2133
2136
2138
2165
2166
2212
2250
2252
2282
2287
2288
2292
2299
2322
2377
2389
2400
2401
2491
2494
