1131
1135
1142
1143
1144
1145
1147
1151
1152
1153
1155
1156
1157
1158
1159
1163
1164
1169
1170
1174
1179
1183
1184
1186
1192
1193
1198
1200
1201
1202
1203
1207
1211
1212
1213
1224
1233
1238
1241
1244
1253
1259
1260
1261
1262
1268
1269
1271
1273
1276
1283
1287
1293
1294
1297
1299
1302
1303
1309
1313
1318
1325
1326
1329
1331
1346
1347
1349
1350
1352
1355
1357
1358
1359
1363
1369
1384
1385
1386
1389
1393
1396
1400
1408
1414
1416
1417
1421
1423
1424
1427
1433
1438
1439
1442
1444
1447
1450
1457
1459
1461
1462
1467
1470
1473
1474
1476
1477
1479
1489
1491
1494
1495
1496
1499
1502
1507
1509
1510
1514
1517
1518
1520
1522
1523
1524
1529
1532
1533
1534
1536
1537
1538
1546
1549
1550
1551
1552
1553
1559
1561
1563
1564
1569
1571
1572
1581
1583
1588
1589
1599
1603
1609
1616
1617
1618
1620
1623
1626
1631
1632
1635
1637
1656
1662
1663
1666
1671
1674
1679
1682
1686
1687
1688
1713
1714
1715
1719
1721
1723
1726
1727
1729
1739
1740
1747
1751
1753
1754
1756
1761
1764
1765
1769
1770
1775
1789
1790
1796
1798
1800
1804
1808
1811
1815
1842
1843
1851
1854
1862
1869
1890
1891
1892
1894
1896
1897
1899
1902
1911
1919
1922
1923
1924
1927
1932
1947
1963
1964
1971
1978
1981
1983
1987
1999
2004
2007
2010
2022
2023
2025
2029
2030
2033
2038
2041
2045
2046
2051
2055
2060
2061
2062
2063
2064
2067
2071
2073
2080
2081
2084
2086
2090
2091
2092
2093
2096
2099
2103
2104
2106
2113
2114
2115
2120
2124
2125
2129
2130
2131
2132
2134
2146
2158
2159
2160
2161
2162
2163
2164
2177
2188
2209
2219
2225
2227
2231
2237
2239
2241
2242
2245
2248
2249
2251
2253
2254
2279
2283
2285
2297
2298
2300
2308
2320
2363
2374
2376
2378
2379
2390
2391
2396
2402
2409
2413
2414
2415
2424
2429
2430
2432
2433
2436
2437
2440
2441
2442
2444
2448
2449
2450
2489
2492
2493
1366
1602
1605
