1131
1135
1142
1144
1145
1147
1152
1155
1156
1158
1159
1163
1164
1169
1170
1174
1179
1182
1184
1186
1187
1192
1195
1198
1200
1202
1203
1207
1211
1212
1213
1224
1225
1229
1233
1238
1241
1244
1253
1255
1259
1260
1261
1262
1268
1271
1273
1274
1276
1282
1283
1287
1293
1294
1297
1299
1302
1303
1305
1309
1310
1312
1313
1317
1318
1324
1325
1328
1331
1343
1346
1347
1349
1350
1352
1355
1356
1357
1358
1359
1363
1366
1381
1385
1386
1389
1393
1396
1400
1408
1411
1414
1416
1421
1427
1433
1436
1437
1439
1442
1444
1445
1450
1457
1458
1461
1465
1467
1470
1474
1476
1477
1479
1482
1489
1491
1493
1494
1495
1496
1497
1498
1499
1502
1505
1506
1507
1509
1510
1513
1514
1517
1518
1522
1523
1524
1526
1527
1529
1532
1533
1534
1537
1538
1546
1549
1550
1551
1552
1553
1559
1561
1563
1569
1571
1572
1574
1581
1583
1588
1589
1595
1599
1609
1613
1616
1617
1620
1623
1626
1631
1632
1633
1635
1636
1637
1638
1651
1656
1660
1662
1663
1667
1671
1674
1675
1679
1682
1686
1687
1689
1690
1691
1713
1714
1717
1719
1721
1723
1726
1727
1728
1739
1740
1747
1753
1754
1755
1756
1761
1764
1765
1769
1770
1775
1789
1790
1796
1797
1798
1799
1800
1804
1811
1842
1843
1851
1854
1858
1862
1869
1890
1891
1892
1894
1899
1900
1902
1911
1912
1919
1922
1923
1924
1927
1932
1946
1964
1971
1978
1980
1981
1982
1983
1986
1988
1990
1999
2004
2010
2022
2023
2025
2029
2030
2033
2038
2041
2045
2046
2051
2056
2057
2059
2060
2061
2062
2063
2064
2067
2071
2075
2080
2081
2084
2086
2090
2091
2092
2093
2096
2098
2099
2103
2106
2113
2114
2115
2120
2124
2125
2129
2131
2132
2134
2138
2139
2150
2157
2158
2159
2160
2161
2162
2163
2164
2165
2166
2177
2183
2184
2185
2187
2188
2189
2207
2208
2209
2219
2221
2223
2225
2226
2227
2232
2233
2234
2236
2237
2243
2245
2246
2247
2248
2249
2251
2253
2254
2278
2279
2282
2283
2285
2297
2298
2300
2320
2329
2357
2358
2363
2364
2365
2367
2374
2375
2376
2377
2378
2379
2383
2385
2388
2389
2390
2391
2396
2400
2402
2409
2412
2413
2414
2415
2424
2429
2430
2432
2433
2434
2436
2440
2441
2442
2444
2448
2449
2450
2489
2492
2493
