1132
1154
1180
1189
1193
1199
1205
1216
1230
1269
1276
1278
1298
1348
1356
1368
1381
1387
1397
1403
1419
1424
1426
1440
1445
1446
1447
1452
1454
1455
1459
1466
1468
1472
1478
1486
1488
1503
1504
1506
1539
1542
1553
1555
1572
1616
1636
1666
1680
1692
1693
1730
1733
1740
1749
1751
1770
1808
1809
1923
1925
1926
1928
1929
1987
2059
2076
2113
2118
2122
2126
2130
2133
2136
2166
2212
2242
2252
2255
2287
2288
2292
2299
2322
2401
2410
2445
2492
2494
1172
1196
1201
1209
1292
1384
1390
1448
1497
1778
1812
2320
2491
1603
